24971359842
10711807892
14574842857
990842878
742034798
15366547873
26162571815
4551608807
56661134900
95423346991
5550028883
14537880900
27227442870
27743610870
12992845825
14121103866
13464798879
22082917860
11808161882
18755180884
7698546802
26531318899
2803945606
483735833
15114569813
29598345858
14949578847
18174879811
28869071898
14652141866
12111894818
2917546433
10037987801
35362478818
13191483870
11425188842
32588754805
14043367880
67109365034
17423027855
361091184
32299615873
15433578810
27078401816
35792768838
3094156835
38369163807
6816658825
59349514834
21816796816
727740881
37378615870
8082206837
39527574897
29622636829
28420875856
8674740847
10282241841
18648986826
25646447836
13376442851
29100512850
22403136840
9536308894
15296754808
17883827812
9791822808
86896750510
11157938884
30372129854
13569172830
29731701842
40663693837
20000586803
39460595898
14589248824
18029340818
28164144851
25123241841
24934168800
14503729888
25895694837
28856416816
26669291833
14485061825
27787237813
31028529805
41804551880
33136995880
25569020861
30300771878
27798669850
13144492817
27163206836
31603835800
33191650900
31969923814
33895836885
8026575679
1449554156
4624200861
32815708876
1096881802
31798400804
27057401809
33718481839
22959207874
21931504865
27163311893
12456358830
22423310862
5729244886
22312320819
34868770896
36954638803
30609395866
29948902831
25739576830
28736279803
9039581800
32634682867
9572212826
63479680100
4208596830
17237587870
77765885391
13936776814
19177415884
29044552805
4240757843
15937817842
17073274832
25338509857
15279836842
16787335806
10741565870
35228796860
19506347900
4063793869
27682598883
28233695890
4298718808
27559507816
7304092874
3311159802
21724302850
39401835802
30169021840
31068501839
36861815845
29326349845
31259017826
8661184894
28555907870
18635909860
24584209820
8110797830
21545102805
6223268807
21492892882
16893974892
22369356847
25383037888
15624263899
36875423863
15443151800
15546228830
10974081833
34146417805
9456980898
17911415870
66879906672
32649883804
12072126878
18193230809
31292455888
34519545838
27057855826
27590197807
29247008840
36504768862
27315857818
7187443811
17549672806
27654067828
15671389852
30760952823
28421695819
15561567829
14279252831
27413872811
27475889807
8565655806
22626576883
18475026877
27286634836
13843599823
9687104848
13189091803
25268868802
26912364802
15271246817
24680190833
30599932899
26053596892
16220674871
17469832800
13824537877
24759861823
17949729864
25618190869
30867261803
25577113814
21264394888
27714024836
22857372892
28966838871
32297310854
26661360860
22883830894
31530519845
34128986860
10578112892
31374852821
8318307860
19502456831
6108968818
5427841814
98680722715
29591568894
30039102807
8890105879
16039361816
87909553820
11960788825
9606349837
22148540378
11069011851
5565217814
7458497840
5787479874
8683566897
9587156889
503575810
5449783825
1765002869
38537199885
12914329814
16130788894
12954981890
29482274881
12404615858
31888379847
28435827844
35180799805
4398441859
5598099802
26935689864
7269786801
5619656845
26509328801
20487863836
24547231826
12571721747
33449997882
37060133801
40707900808
38533196881
32157072845
29955236833
22610153805
36318489860
27715252832
35282498898
27092349800
36901370806
33506587846
29420673812
29681486803
27001605840
34387168870
30162504896
23001181818
37585081855
30054816890
30097283878
27029597842
28007543899
3859478443
32541919867
27655098832
32183486848
27356120828
96925833768
76691195604
84748117834
30532384890
26338016843
11314953818
11387720899
30786737824
7568911837
51624249868
14391321866
28748676837
30190822856
33531394860
29557695846
35804350862
26793982893
22842394801
35172519840
28799482827
39549494829
18148356874
11812333803
15038304893
28599931857
14850827810
30163987882
11831277824
4393804805
12018423878
7730588854
2854482859
2309054801
9639913880
11602649880
4631316810
31547927836
8753132807
24692981806
27963027847
15876200816
98122568653
28060341839
18990392870
11850229880
26112634856
33760517803
40832112100
28709549803
27685433818
77297717800
18026000862
18141662900
14303437883
41030618801
28260895870
16165700837
653808607
30600934829
27414788806
15435922879
10145570900
12406701840
69521356868
9323985880
13474307843
17032844880
31590803825
30653978898
32890787877
12861640871
5217995890
10868738824
30525807870
27198222803
30824847865
6042717863
75526220672
13349769888
25309638865
7901580860
3997425817
13419425899
11910647861
16303439861
18112695830
25641041858
32811290800
7212663808
8767767800
9526066820
25109948836
4661205839
8581076866
12288005882
14939249824
17341715880
26325019890
28261853810
15408452816
14494300829
26648073829
14963293846
33379638897
18620186850
34845408856
16195860883
32724771877
21816453889
32187976831
18700596892
19576663822
16678663896
15651378847
25948508900
17647353829
14272287877
18309829825
9135365803
45460272904
34625519810
27391607800
6874162802
35358739831
14567773861
3280953898
9408590848
30369904885
35170148852
3718707802
12570366889
2603981870
75520052891
49252178449
33318052892
28709927859
26874990802
32332364846
31073877892
28590621812
28180309860
26807764880
29840968866
29400592841
29826876828
29485233892
21372653899
28437734827
30828127832
26112969874
27687110803
21264567812
21816199800
24654917845
27621506806
29422630835
37465516846
17405709877
30595278817
34708266847
33349090850
26472754837
34765211843
27247065877
36468314801
37022921873
36245447801
22340322880
19574791831
6446348630
30827010869
35595342838
31171477805
13189377871
29760326884
25698413827
9231710885
11494012812
17622101850
23093172845
41071899880
32069205827
15771074896
28089864830
31429976870
4723463852
2336193809
37086845833
4089045851
52224996853
6950975906
2156108811
22615533827
33903503819
14419069830
17061045884
33128497800
10530930803
31747394890
22433594804
34695257200
2749585899
7684112899
4359215843
22118202806
19908445880
98306430930
16863158809
77866355304
33888146860
34714647865
34488609805
38031766894
34465404824
31271685949
7399384878
21610000803
11610845846
17814534895
5375393875
14146337852
16320983850
29380148801
6619726828
225600765
11282650874
6122575844
33394095874
17244348886
12517855811
5379960871
49053817620
9269671852
29616009877
22301932877
8449853842
26885383813
10447239805
1225443822
29486539839
10924193800
7836282856
5720677801
29251534888
10383708842
76014940634
96173599872
466893892
15647785840
13802222814
15049131839
30882658816
7763968893
30271965886
30075279886
17257945861
28264513832
28832085810
20105028843
36942441821
26521810847
7611344846
29074979874
28610401812
12114363800
31268664847
17468936803
16969733840
28730122856
28730122856
15965202806
26383464892
25655073803
26005976893
26005982869
14522214804
4567465873
4401444850
14535057842
25952248837
31215506830
13962742867
16546748851
7161578884
25229283840
28576629801
15214191839
24644872873
8044816879
32736074800
30343493861
13124716892
4677151814
8491293892
27357388840
11913480836
18644267809
8130928841
11118960890
10759162832
30087209861
25088573863
28510832870
21501016881
22213664846
31969188820
33220154832
14693068837
12785349890
6983353846
25586595885
17902594873
25390354850
9681439899
30343637880
21305674871
2268025829
4088369890
16319051809
18560892826
585019835
5336326844
6513480809
27357459888
18197042896
26006988844
27168086863
27186667813
20088066851
24832549855
22504147856
26136683857
17553077801
17535584845
6095409802
16110297836
29445270886
602335833
14303006807
22012859852
76534324849
90635329891
19337677822
5362239805
21410525805
27061619813
22302672801
33996707886
6172614827
33475932865
30159957826
32206416900
28171579825
6310986821
16141475825
74162691800
33744451879
30075751844
15383153861
18215373860
14977762878
28560942874
17251278812
27299182807
33879779805
26092184869
32147168831
25080704837
8618314897
32560991810
25743107807
25953970870
29711359855
17802108845
34492876804
32293465802
32105057802
35737055884
37843193863
27865141858
5314544873
1733223878
8968125880
4412515877
79030963387
7741377892
6104455883
37652256810
30134907809
8837070802
6884425873
5126360876
5760394894
30425877892
31049812808
30569479878
25180722845
22087551898
8504107892
493763570
27878995877
32953223843
30833290835
17863702801
33416579836
13154586830
33015274856
16357628808
19944441856
32534697862
16684020845
25498913842
21533201862
22626508888
26567279877
30916688860
16252528897
30281472890
32788966881
19695549837
16973645860
24624992881
27690572863
26428316803
27499866807
29586486800
36143093806
25080875801
22392773866
29950592860
18320466806
21658732820
30076211860
65854810549
25133214804
29862188812
28945971858
22917804840
14464795870
875787860
697333841
3002615862
7381350890
92258697700
8469160885
20100107877
1734190892
28601006876
27561539827
26594219863
4792146895
32035947812
27802155851
33015273884
28612038898
22276704870
28267813837
28803488898
29735612801
29298295839
34358642810
16897926809
9185249890
35066613889
26899366827
5031553812
28648777836
27820575883
33953934880
22437484876
14768432875
6378182965
31982370840
11314817809
35729048890
36429987809
36404948818
21582837856
25160629823
27900712844
27339407839
29139047857
27116535870
26283758851
4278746881
14390959816
25655948877
30174416873
34791132300
34279523800
22318264880
27765577875
27399525897
10170165850
28222521810
28803875824
16058903831
42678846849
5660039880
25462840888
30464620856
36197987880
36833700842
37049053805
36544102865
34756244866
21316886875
35096588840
31870833821
33163026893
3244258808
26122288888
1248761880
33017585840
2912214831
7786007776
1693497131
90307119653
5017685804
13843622825
16753469842
8690244859
16923851866
22684969884
15533188894
16969566846
12280614839
13865450822
17916508800
22855812895
32888256860
35594046810
29600054819
34356307879
31831519879
7683853852
13093719895
30486469816
16442077888
31175796808
32221921895
28630354879
34759111805
27660300857
30940414856
32682237886
8690085874
28836474888
16971954823
5424740855
28592669847
44363745649
27135013859
31337918857
11245016814
19177299876
34650697816
28092900833
37362315805
38583220832
37462676842
6802600803
33121173804
9923635864
33275150855
22951437803
9608584825
12011166861
20280698801
311530893
6934316878
2370683899
19042431857
35710125857
26829379857
33629748805
15614965882
14261202816
13560953804
91985960800
29995141825
33729096826
26984612845
1302845136
27842565880
32271722837
25720693858
34752448882
37683672823
31175130869
33732608840
4384557892
6800075809
32678418871
38466714871
25231807826
20587832800
30643664831
35858671896
12820087817
3280057892
78555680182
31896540856
9349173883
32511660857
25465460822
7945853889
14583750803
15070672835
17196245857
12879034876
4182101871
7789960857
35941056877
9200471811
7545101820
3594536866
3989900854
9315602846
10562152830
25394968810
64121801849
7255487890
4194550862
6025880816
10738143863
8517698886
11956483837
55697755953
7471036826
20245020837
13651529878
1267402830
28499694861
9598985814
22146923806
38196806833
95021801880
27843508864
9545037830
35735750801
21269519875
30972965491
17417398708
30542208857
27448618806
21416092838
26095722802
22814368885
18321521894
35702096878
27250335863
19034262863
29234790847
26746066819
19436791852
4353151886
9479676800
26240930873
32062172885
34405268878
12042828890
32576559832
4011468800
26761528828
17153936866
22917547855
16986707886
32616183889
34720528805
29316962854
34430686858
28694947854
7070532857
15184448810
28462281830
32126458814
33968991800
17946219890
1915386802
28388843877
35687292888
5222783880
16962964803
31815595809
28884084814
789876795
16986480814
11872481850
34602451829
30647999838
18232894873
30157585867
22940813825
1690104813
9227447857
36122145866
5005286837
29428953814
4626487459
28166734800
18232859881
14540820893
35008682822
26140937850
18594539886
4384551851
26062888825
12604696894
33403843807
31815126809
28745207801
2898584967
88729222834
21315621878
25745863870
6817986885
27289965809
37100657806
27039113864
33586946821
29467698870
7973441875
20606105832
36374471857
35143565804
93403100049
32555286829
32826050800
32925062806
31471485803
28416200858
29467766892
22586809807
27449087898
35667707870
11986682889
32227056827
33946114814
32616778807
29280459880
4456070765
35499514852
49164767868
14861381878
36906902857
25588047826
13529317888
29467939827
34898300839
31017795886
9700295869
19696402864
26596412857
38826578800
29317420826
37690292836
30657294829
39858146272
25054578838
35773204860
24914590867
31520401809
10863718876
13923651805
3381654870
24848694876
30676897800
16860925809
2782072862
31745611835
29816226847
62357816104
32336646803
22306880816
17405921825
18307311810
34894017865
34204419836
35665926841
35785483831
39523806874
11752495802
28984950858
40425517187
23026750883
28156034899
35036007588
17629239807
31049364805
8580485827
9107361890
33257606869
14862019897
3809843857
24609568861
32648166874
27756450892
31749591871
18147387890
35079782889
34554036898
16117671806
17842185883
22271117801
28615860874
27201549898
67925227834
4121097866
56278179172
35770042826
36585941870
31658061870
40835529487
29386333864
26098589810
21787163857
28036500884
22042742830
4840843805
88436721500
29705337929
30359881882
6615710846
36378512884
20546997805
12692072880
9732899883
29370628819
1639865845
7682934808
28106193870
40471512893
31024229858
31340969866
21293251810
42064411895
4475773873
30604736843
27220882823
32329109806
17049945862
11501045890
9979614811
4105339800
53422490906
3316877630
28680900877
28299356830
14027973895
15004252862
24915820823
27905663809
13117217894
21293413810
6862369806
26763244894
3672688843
13294684819
16953900830
27663652819
14151149864
25889926845
16480162862
27401222841
16392468862
19806699882
10689294808
29060073827
11690071800
14552357840
14190310824
8390296837
18208831832
31077925876
9534014800
31571817859
7356065878
15277779876
10101718870
27729791803
22124178881
21303358883
508602831
21865869830
26064466820
14980563856
11552673898
10470253886
22831457831
29142443806
21835570879
27782076862
35782708816
36187434838
81207905887
97293490704
13225844861
12008794814
6180137846
17723849842
1722712821
9040076855
7256303700
30486131882
30349456801
30664496881
5494045897
14493753838
13215902702
34258909807
25551931897
28491986847
27022840865
8616216898
4230846827
8002187873
38377156806
14123793851
8529379896
13693234841
34961860972
30288086848
15615123893
21750740800
30103590803
8546985820
27991176860
15635385800
27022966885
26343636803
26357088862
37079706807
37405100805
18749336851
6949357940
2859596895
426844807
98425714834
12489850873
7612889889
10076711811
19948874862
12429057824
28617354810
27749104801
6542595856
5358387862
12276969814
10041505808
14456607840
17659944894
13563656800
1343543894
11002862841
26728186816
18464945833
9404078840
3645844830
5694246829
16359811820
6625872865
26989151889
9373719807
7226953811
57056382134
12502077893
16473452869
5854263840
3231459818
13120092843
14533560881
6253936867
25073725832
9349661817
52911764900
16886357859
27388400869
70527954349
13354676884
26027687827
17006083800
9285069835
37999587893
20057080895
28013496821
35194195800
37036314818
27531253844
25596678864
84209593834
19480874806
14336409889
17706712850
9684669828
2238954821
197949835
5980734422
28844228890
2433868884
963929836
3114888895
7174809847
36532929808
16870574863
33045776884
9165047869
6208328861
4424430804
15011469808
11385834803
429637888
6501266882
11590052811
28502437879
5452943803
3380370800
8833431851
29746475886
6486773898
81935412868
4915848817
20178576883
8656571818
22623837821
41889665304
2346943860
8678536896
6443780850
9925979862
2424251860
13563889813
10041317807
1152355821
10581273818
4405679800
26101787869
75725169804
27275742829
26317204829
48448184300
68908750878
9449115877
11185947892
8231143840
8209168894
5118109892
12628698897
14004215862
20103377867
8623844866
7597669836
12895161895
10541841866
8011618865
6934016807
6795716805
7566509845
11722993820
8758459839
53719166872
15606900890
7951609846
15204025898
498208850
31082927813
1119343895
12449843884
6015453893
4197065850
5153005860
29980702800
4780245842
9805291820
26144567801
8305856801
12813056855
8068946870
8602994818
795136897
1121330886
16173623870
27468179859
5200838819
15079466863
84669772813
84669772813
7062111899
27666087888
15273676819
71416277820
1064818862
89853016834
13082486878
5961714985
1105284840
4566089827
207076812
3882230819
7403031806
2081309858
74366076853
2996623819
21703526864
30588058882
30370560884
36526058884
30052907864
31101849827
33538532869
35087599893
32651569828
29864466801
31427374805
11126216879
35446901878
7862963806
22658063822
6495814828
7148581885
14029297811
13300414881
26103189870
17480185820
21566716802
34300526885
33345979896
36091160800
13473491896
191006807
9955681896
29706507892
21789039835
21911966839
16297204888
35082067850
25084582876
30732466814
37069510888
19886047887
51305933591
8268152869
17321950808
68310986815
7869716812
30067156835
622749889
9907464880
10353612804
7628179843
13698550873
5478644854
5642311859
69314446891
42049300344
58953876834
5856263839
1054954844
9326789802
6929217883
6430641848
5537022893
15083704862
27638842880
13852112885
26103595860
11323644857
4682507869
8107102851
1967336857
85582042687
3543217810
11747772810
29500620839
90343654920
36600668857
17183342816
31268364886
6483519800
36179739811
21421608839
25005054804
21583373896
26741640851
5583554800
28516358836
13768243885
27806339809
92933629887
38403184832
29783995898
15292675873
28480630841
29739824803
36094712803
27909675801
34772143823
36304584830
21965232833
28713445820
27933862861
16742876824
31537512854
10285374842
16356796804
28448651863
21887620885
25926249880
30485129850
27048374810
16655216869
17463611825
30780400895
19638235837
18410238845
14276149894
848472802
33339242852
1688582827
32757811894
10059319844
7346285875
30974535800
28242185840
3701147876
25481465884
5539176847
7865476850
20598982850
14827744882
4693026824
17082011814
4965642856
31955949867
24923297808
10081947860
16122122807
24543386884
4718235898
7577395803
5174587800
36102104862
33900753806
86645064853
8887665800
24783069808
27667042802
16369577812
3636188801
3242867831
38360192804
302323848
8733280860
3109144697
34494720895
32199026850
7436428802
6863641631
35895161863
21470451875
90349202834
7570700864
32257096894
22313558843
47805781400
12846408840
5161723874
75751534891
5950803833
28448962869
2707686883
2989724842
5754256876
11398458880
91620414872
5350951807
27852611869
33334705862
2688920405
7900685839
3303817847
9466875876
3771013895
4065933889
15788135818
16411993858
8509346801
7769391814
29661084874
56046090644
86653784800
28362504889
37924646833
28082220848
4282432829
623876850
25801327835
30036618845
32789822824
19204324856
29899284895
6767198803
33766040880
12448536821
13285030895
27469851879
10286835886
29372635855
12366249802
15728907890
26068825809
15943851810
93576064087
22054819832
26931164813
8232532874
19227224807
24666601805
12555763830
7845224804
25407757800
14005342833
13361709806
18178322803
32193717877
12575159857
17278919886
8684511859
27048849860
34127375850
21587718871
4048150812
30051385856
10520042883
14910779809
11684303800
7024435810
29223177812
14730889843
36066215825
25148452897
14704821854
3793046869
13817037808
13053860864
32452553816
16426897850
3725902844
13499388820
13506185861
8573629843
2695185847
30431937842
28125328823
26037937800
8902448800
37091491858
38853186879
27585731809
27520059898
31227277814
26834457644
10908168802
21605987808
6523821692
28338779865
29842228819
25297021871
21600587852
13316285806
5267116807
5627285893
32295746809
34919218800
33166128800
36878267838
32649319828
26953032898
5358521690
33387294808
24648261895
30106102893
38575916840
25929034885
3903098698
33338383894
28338907880
36865509897
32380507880
7159429800
21857301854
27328733810
29435672809
15519269890
12337822826
31020257814
12423655835
13851872800
22148446860
31484171861
15631084880
56607717691
5774817890
12689435845
5533017801
15438187819
48524093900
2461424802
29000933846
21559434821
7964136810
35127044846
25118955874
25826707828
36866588871
30250365839
14956729804
698338936
28987193829
27240473899
17283875824
11507237855
7644437800
21580539840
34117907840
13720992802
2764576331
16185581884
25610831873
31467730823
31012994899
28849842830
83036466134
28040101808
20398967830
25883910874
26376267807
20391600869
78180910849
1692332864
36612187867
2256687856
5089138885
4153427837
6121680857
27160707842
26462284811
29052185840
13078589889
67512569653
26881206895
26040586850
21277358893
7044566804
26748585830
33863265874
35974821807
28213320840
4143962861
39699399848
32523310805
36830899893
25373283886
21839428864
21809227879
17545182812
36634718881
27329684805
31287531806
33827342813
5201348696
151218870
3284880895
7760580886
2636398864
7555611805
9614534869
93388365849
11113967870
34948420867
8557153830
14786933805
2979180874
7997162860
25410333896
29800023801
12749917816
22163217884
1503388808
16994514862
29770494879
6939401822
16365122837
1332248802
16439855824
8156871847
2300987899
19942077871
85875520825
24555179854
4079364830
1919895841
6192120803
58612459753
17346393856
7597201850
15797045818
12803594803
64304825887
13629562876
13161655826
9486937893
9438909850
31541148827
1466484802
5119606890
8683652890
28813742800
20009078819
17621197811
7741889877
7739687847
11029555826
25167838843
7676671825
28761017850
6950975805
8216930852
19343255896
6325625870
28119275810
6803796817
11705198813
643604820
37321589854
15391286875
1121768873
47075813820
17446606894
33935043805
3556038889
35662315841
11617042803
28244078839
11955455848
1651887829
6044695867
10947250808
8548769874
24928109848
25583717890
12732237809
18536296852
6662404187
56474210834
35667522829
19832770610
4122104874
3524753825
18740904830
25546423897
10828431809
19220748886
17326934800
12326634845
4909563865
26071358850
19659146833
10524182876
13609879831
30857431897
11374218863
27751458844
14444687827
37652849802
22336423847
35922465856
29741811802
30944406491
3597937896
10761423893
9182947899
9361543814
63431874991
8885534805
30378611852
28852662871
3402907810
25605012878
12768631876
17172168895
28146260861
13732467821
12829157893
13529468827
65113799904
33189437890
7810778854
7313034822
8240313850
12395335860
27472512842
19856826802
13909944817
14083365889
3808697806
13084843805
13769865820
7328987812
10286486857
8350982810
10982146841
30212053809
10293255881
8586113840
5705748892
16945466833
2323686860
5859416881
22638838861
12636256814
32267570831
18589357848
22458419801
11358854866
27969171850
24737466808
32747377806
17600973812
25872930810
27423173843
89847016020
25711408844
7141898808
33615037871
31909195855
29947765881
16816138830
25637625883
8562659690
12791411828
26046453860
12915003831
2810465819
13933085896
16990059826
18168781899
7193914820
21541082885
98270249815
13957718805
57658706949
7998167874
26996142890
14706791839
5765051880
10253712831
76312917800
3441591836
883949806
14000775839
51873095104
884360806
15443048899
3271661855
33863692861
22833155816
14857186861
25444139804
24812311802
8344771811
13147336808
9731324852
4573975861
11985746824
90375335820
2454796430
2293040879
282704876
10576710881
85576697804
6507471860
31543216838
10772171882
24645993879
39341784808
34976950840
27873753832
11442903848
4588442848
21679667840
31548787850
34937555898
28623450833
30609185896
3209289859
35247172841
38608668858
19265442859
12876924862
14300507805
6822810692
24683096854
86968220482
26165336850
4055106831
5536833812
12972984897
33470661898
22282612892
25935095890
28853781823
31853963836
24895801837
29076698856
30845127870
29204235845
18233930806
31005051828
33653949823
18220472855
16408416870
2172882860
25086657890
5861698813
3446566830
30544145828
30269000879
32233625846
27161599806
36928744804
35075427812
33338024819
27858670840
27543970864
28794859833
34194668898
35868903897
25491531898
35169169825
36594493850
7076140900
7800480836
21792946899
3137191360
29416169854
4974126830
97074713791
9939746865
22454189801
12350381811
24553797879
4242856814
9220272857
21401946836
9981952869
15710558869
32960536894
21529712807
14004355877
28943353855
4791028805
8697883881
25712192861
14747896848
8662838898
16546781808
5134647860
7769595819
34656938840
26822897895
22169774890
37848769860
27946642806
30296827819
22328022804
32595145894
31277402809
27588813814
31785205897
80153798572
93567014820
10572831854
22712612876
11643577867
2354533829
6770867842
9426539808
25877095803
27786327860
25379090893
8924925890
6111739808
15401755880
26549140030
86683284849
2247911846
13253106896
7697626896
28530287800
27108386801
26215755877
74341715615
38705617855
31489773860
67514774815
14593233860
30647986850
33870754800
28519664806
27381351889
3944722841
2281907708
17820242809
3802021827
30484603817
34091985807
34813906885
26550575893
35359694840
34830811862
26166131828
24756979890
2222811899
29969716808
22704667802
15129335899
6652150883
8484629805
30785853871
99424495820
21266197885
21995913871
35004513813
29364481828
1325557862
7054129890
8310044879
3274366897
18628713883
2097505880
26425966807
5526039889
31800991860
4895076890
25893701801
30676114890